     00000
   00     00
 00         00
00           00
00           00
00           00
 00         00
   00     00
     00000

       111
    11  11
  11    11
        11
        11
        11
        11
        11
   111111111111

     2222222
   22      22
 222       222
 22        22
          22
         22
        22
      222
  2222222222222

      333333
   333      33
  33        333
            33
          33
            33
  33        333
   333      33
      333333

 44          44
 44          44
 44          44
 44          44
 44444444444444
             44
             44
             44
             44

 55555555555555
 55
 55
 55
 5555555555555
            55
             55
            55
 555555555555

     6666666
   666
  66
  66
  6666666666
  66        66
  66         66
   66       66
     66666666

  7777777777777
            77
           77
          77
         77
        77
       77
      77
     77

   8888888888
  88        88
 88          88
  88        88
   8888888888
  88        88
 88          88
  88        88
   8888888888

    999999999
   99       99
  99         99
   99        99
    99999999999
             99
             99
           999
    99999999

